#
# In the following tables:
#   Lines beginning '#' are comments
#   Values are separated by whitespace
#   The tables are separated by blank lines
#
# The table for alpha^d_n comes first, followed by beta^d_n, gamma^d_n and finally delta_d
#
#    Degree, d, varies across a line,   for odd values from 3 to 27  inclusive (13 columns)
#   Valency, n, varies down each table, for all values from 3 to 100 inclusive (98 rows)
#
# The 13 values for delta_d appear in a single row, as this table is only relevant for valency 3 (see the paper for details).
#
# Alpha
        1.00000000        1.00000000        1.00000000        1.00000000        1.00000000        1.00000000        1.00000000        1.00000000        1.00000000        1.00000000        1.00000000        1.00000000        1.00000000
        1.00000000        1.00000000        1.00000000        1.00000000        1.00000000        1.00000000        1.00000000        1.00000000        1.00000000        1.00000000        1.00000000        1.00000000        1.00000000
        3.25986035       10.08017107       16.96787513       24.38805717       32.07519146       40.18271647       48.56335224       57.29069012       66.26510954       75.52891490       85.01232190       94.74408645      104.67194269
        6.96181737       23.33963337       44.02093303       68.16957904       95.41025727      125.33497375      157.76737430      192.48528201      229.34043178      268.19718895      308.92735983      351.44503525      395.63628055
       12.38776349       42.60368478       82.97981714      131.40965239      187.71038734      250.68422504      320.31464444      395.92566271      477.44290231      564.43657707      656.80453381      754.25492824      856.67328093
       19.81702002       69.14198708      136.30650228      217.77623281      313.74821808      421.95611239      542.72628158      674.73020963      818.10515645      971.98502588     1136.39895093     1310.74238215     1494.98402975
       29.53128429      104.07984404      206.27030584      330.91386074      478.67592537      645.92447196      833.49523658     1039.18098348     1263.46882228     1504.88632385     1763.70341640     2038.87110838     2330.52957898
       41.81368620      148.49354263      295.04717976      474.36662858      687.60070438      929.43260594     1201.35555899     1500.03821325     1826.45426724     2178.33630965     2556.30840224     2958.72818608     3386.00071259
       56.94810993      203.44201286      404.77011374      651.61319010      945.57167065     1279.29750819     1655.07344861     2068.17913887     2520.20811541     3007.89307355     3532.32731765     4091.11196958     4685.01406884
       75.21884881      269.97794980      537.55217987      866.09359810     1257.59439860     1702.29893465     2203.40074638     2754.50459169     3357.95377673     4009.25997140     4710.10142441     5457.14616733     6251.62275299
       96.91042990      349.15188869      695.49706261     1121.22581447     1628.64522843     2205.18472325     2855.06473803     3569.90713540     4352.93330809     5198.19606809     6108.07492054     7078.11484019     8110.10726306
      122.30752078      442.01374465      880.70395426     1420.41524390     2063.68169852     2794.67882741     3618.76941560     4525.26158714     5518.38372969     6590.47479160     7744.73324575     8975.37744598    10284.86501849
      151.69487746      549.61339426     1095.26988790     1767.06012830     2567.64944963     3477.48832873     4503.19991616     5631.42442646     6867.52882074     8201.86562787     9638.57249698    11170.32376586    12800.34898518
      185.35731373      673.00088135     1341.29087610     2164.55459772     3145.48661778     4260.30869548     5517.02711457     6899.23631076     8413.57777085    10048.12720103    11808.08523874    13684.35076678    15681.03407672
      223.57968251      813.22647318     1620.86247673     2616.29041046     3802.12659062     5149.82748312     6668.91143799     8339.52524835    10169.72655011    12145.00573505    14271.75481490    16538.85155039    18951.39954060
      266.64686395      971.34065828     1936.08007622     3125.65795709     4542.49973499     6152.72686590     7967.50577093     9963.10950367    12149.16009133    14508.23583178    17048.05386091    19755.21076400    22635.92036727
      314.84375763     1148.39412355     2289.03903014     3696.04684646     5371.53448484     7275.68534946     9421.45758068    11780.79997131    14365.05447648    17153.54206784    20155.44473483    23354.80331229    26759.06363457
      368.45527734     1345.43772629     2681.83473074     4330.84625087     6294.15803187     8525.37892700    11039.41044321    13803.40201653    16830.57883551    20096.64072481    23612.38070319    27358.99464384    31345.28744274
      427.76634744     1563.52246721     3116.56263652     5033.44511069     7315.29676783     9908.48186181    12830.00513041    16041.71686527    19558.89689265    23353.24137056    27437.30731760    31789.14170140    36419.04112963
      493.06190028     1803.69946662     3595.31828241     5807.23225561     8439.87657014    11431.66721975    14801.88038385    18506.54264068    22563.16818513    26939.04820102    31648.66372902    36666.59407460    42004.76605450
      564.62687435     2067.01994421     4120.19728001     6655.59647618     9672.82298777    13101.60723403    16963.67346661    21208.67513215    25856.54900753    30869.76113616    36264.88384278    42012.69513543    48126.89657685
      642.74621294     2354.53520230     4693.29531317     7581.92656523    11019.06136294    14924.97355669    19324.02055877    24158.90836553    29452.19313764    35161.07669702    41304.39729120    47848.78306310    54809.86104376
      727.70486311     2667.29661197     5316.70813158     8589.61134106    12483.51691119    16908.43743338    21891.55704231    27368.03502685    33363.25239259    39828.68869994    46785.63023384    54196.19172822    62078.08270054
      819.78777496     3006.35560174     5992.53154376     9682.03965960    14071.11477407    19058.66982544    24674.91770770    30846.84677841    37602.87705517    44888.28880331    52727.00600730    61076.25143679    69955.98049243
      919.27990098     3372.76364828     6722.86141023    10862.60041983    15786.78005382    21382.34149579    27682.73690468    34606.13449563    42184.21620113    50355.56693753    59146.94564937    68510.28954717    78467.96975223
     1026.46619568     3767.57226876     7509.79363720    12134.68256528    17635.43783601    23886.12306964    30923.64865301    38656.68844566    47120.41795169    56246.21164331    66063.86832060    76519.63097759    87638.46278095
     1141.63161515     4191.83301460     8355.42417084    13501.67508310    19622.01320422    26576.68507751    34406.28672431    43009.29842266    52424.62966885    62575.91033860    73496.19164299    85125.59862191    97491.86933370
     1265.06111685     4646.59746626     9261.84899227    14966.96700198    21751.43124930    29460.69798593    38139.28470294    47674.75385101    58109.99810746    69360.34952970    81462.33197271    94349.51368986   108052.59702434
     1397.03965933     5132.91722897    10231.16411308    16533.94738932    24028.61707510    32544.83221924    42131.27603155    52663.84386438    64189.66953432    76615.21497904    89980.70461998   104212.69598530   119345.05166172
     1537.85220211     5651.84392912    11265.46557157    18206.00534815    26458.49580165    35835.75817525    46390.89404525    57987.35736683    70676.78982113    84356.19183901    99069.72402709   114736.46413434   131393.63752887
     1687.78370546     6204.42921132    12366.84942933    19986.53001404    29045.99256691    39340.14623621    50926.77199768    63656.08308009    77584.50451888    92598.96475935   108747.80391266   125942.13577275   144222.75761503
     1847.11913035     6791.72473588    13537.41176846    21878.91055214    31796.03252726    43064.66677678    55747.54308020    69680.80958055    84925.95891637   101359.21797328   119033.35738966   137851.02770014   157856.81380877
     2016.14343831     7414.78217668    14779.24868893    23886.53615431    34713.54085749    47015.99016942    60861.84043750    76072.32532814    92714.29808714   110652.63536763   129944.79706149   150484.45600752   172320.20705929
     2195.14159134     8074.65321941    16094.45630657    26012.79603658    37803.44275023    51200.78678825    66278.29717851    82841.41868913   100962.66692734   120494.90053959   141500.53510134   163863.73618308   187637.33751107
     2384.39855190     8772.38956008    17485.13075112    28261.07943671    41070.66341509    55625.72701177    72005.54638537    89998.87795429   109684.21018528   130901.69684310   153718.98331746   178010.18320005   203832.60461699
     2584.19928278     9509.04290367    18953.36816463    30634.77561208    44520.12807786    60297.48122447    78052.22112020    97555.49135315   118892.07248719   141888.70742684   166618.55320729   192945.11159039   220930.40723325
     2794.82874711    10285.66496310    20501.26469999    33137.27383773    48156.76197931    65222.71981794    84426.95443033   105522.04706560   128599.39835640   153471.61526571   180217.65600273   208689.83550613   238955.14370104
     3016.57190827    11103.30745825    22130.91651990    35771.96340463    51985.49037425    70408.11319155    91138.37935217   113909.33323087   138819.33223063   165666.10318685   194534.70270728   225265.66877124   257931.21191160
     3249.71372991    11963.02211506    23844.41979548    38542.23361801    56011.23853060    75860.33175266    98195.12891442   122728.13795517   149565.01847535   178487.85389119   209588.10412833   242693.92492563   277883.00936753
     3494.53917589    12865.86066503    25643.87070562    41451.47379615    60238.93172809    81586.04591680   105605.83614054   131989.24931762   160849.60139308   191952.54997121   225396.27090253   260995.91726178   298834.93322955
     3751.33321022    13812.87484444    27531.36543606    44503.07326908    64673.49525787    87591.92610731   113379.13405029   141703.45537537   172686.22523544   206075.87392676   241977.61352036   280192.95885677   320811.38036027
     4020.38079713    14805.11639386    29509.00017867    47700.42137703    69319.85442102    93884.64275575   121523.65566147   151881.54416657   185088.03420951   220873.50817681   259350.54234295   300306.36259943   343836.74735882
     4301.96690089    15843.63705770    31578.87113071    51046.90747041    74182.93452823   100470.86630052   130048.03399070   162534.30371506   198068.17248391   236361.13507130   277533.46761989   321357.44121176   367935.43059336
     4596.37648618    16929.48858365    33743.07449470    54545.92090778    79267.66089861   107357.26718808   138960.90205452   173672.52203214   211639.78419478   252554.43689873   296544.79950209   343367.50726951   393131.82622726
     4903.89451740    18063.72272313    36003.70647712    58200.85105573    84578.95885940   114550.51587104   148270.89287015   185306.98711844   225816.01345043   269469.09589608   316402.94805445   366357.87322557   419450.33024239
     5224.80595931    19247.39122936    38362.86328903    62015.08728823    90121.75374552   122057.28280847   157986.63945502   197448.48696656   240610.00433464   287120.79425338   337126.32326526   390349.85140932   446915.33845857
     5559.39577671    20481.54585869    40822.64114462    65992.01898521    95900.97089709   129884.23846640   168116.77482821   210107.80956212   256034.90090969   305525.21411956   358733.33505634   415364.75405525   475551.24655351
     5907.94893448    21767.23836959    43385.13626165    70135.03553325   101921.53566380   138038.05331538   178669.93201034   223295.74288495   272103.84722070   324698.03760940   381242.39328938   441423.89330616   505382.45007568
     6270.75039760    23105.52052248    46052.44486078    74447.52632387   108188.37339653   146525.39783209   189654.74402349   237023.07490973   288829.98729667   344654.94680545   404671.90777321   468548.58122483   536433.34445890
     6648.08513104    24497.44407978    48826.66316549    78932.88075323   114706.40945483   155352.94249823   201079.84389178   251300.59360832   306226.46515135   365411.62376260   429040.28826951   496760.12980164   568728.32503393
     7040.23809986    25944.06080535    51709.88740157    83594.48822328   121480.56920166   164527.35780040   212953.86464014   266139.08694825   324306.42478794   386983.75051090   454365.94449779   526079.85096307   602291.78703892
     7447.49426929    27446.42246477    54704.21379715    88435.73813803   128515.77800477   174055.31422878   225285.43929735   281549.34289503   343083.01019811   409387.00905890   480667.28613993   556529.05657727   637148.12562856
     7870.13860445    29005.58082496    57811.73858245    93460.01990759   135816.96123600   183943.48227868   238083.20089135   297542.14941175   362569.36536433   432637.08139528   507962.72284382   588129.05846067   673321.73588231
     8308.45607062    30622.58765410    61034.55798947    98670.72294299   143389.04427148   194198.53244865   251355.78245396   314128.29446003   382778.63426140   456749.64949141   536270.66422703   620901.16838206   710837.01281067
     8762.73163320    32298.49472148    64374.76825209   104071.23666270   151236.95248896   204827.13524116   265111.81701790   331318.56600001   403723.96085772   481740.39530292   565609.51987985   654866.69806887   749718.35136393
     9233.25025707    34034.35379728    67834.46560520   109664.95048215   159365.61127228   215835.96116194   279359.93761789   349123.75199229   425418.48911009   507625.00077195   595997.69936721   690046.95920878   789990.14643425
     9720.29690803    35831.21665298    71415.74628560   115455.25382527   167779.94600625   227231.68071984   294108.77729022   367554.64038985   447875.36297642   534419.14783036   627453.61223296   726463.26345531   831676.79286460
    10224.15655130    37690.13506059    75120.70653356   121445.53611418   176484.88207917   239020.96442694   309366.96907281   386622.01915704   471107.72640510   562138.51839380   659995.66799904   764136.92243036   874802.68544999
    10745.11415247    39612.16079516    78951.44258575   127639.18677566   185485.34488148   251210.48279815   325143.14600523   406336.67624589   495128.72334142   590798.79435506   693642.27617017   803089.24772350   919392.21894413
    11283.45467645    41598.34562777    82910.05068371   134039.59523814   194786.25980759   263806.90634880   341445.94112875   426709.39961481   519951.49772663   620415.65764100   728411.84623377   843341.55090804   965469.78806111
    11839.46308925    43649.74133396    86998.62706886   140650.15093229   204392.55225151   276816.90560093   358283.98748041   447750.97722017   545589.19349782   651004.79012811   764322.78766245   884915.14351826  1013059.78747975
    12413.42435620    45767.39968896    91219.26798380   147474.24328846   214309.14761161   290247.15107578   375665.91811802   469472.19701764   572054.95458982   682581.87369105   801393.50991435   927831.33708215  1062186.61184573
    13005.62344271    47952.37246844    95574.06967195   154515.26174248   224540.97128561   304104.31329557   393600.36607564   491883.84696347   599361.92493330   715162.59021464   839642.42243568   972111.44308928  1112874.65577632
    13616.34531442    50205.71144875   100065.12837794   161776.59572900   235092.94867855   318395.06278808   412095.96440109   514996.71501383   627523.24845678   748762.62156898   879087.93465946  1017776.77303360  1165148.31385967
    14245.87493689    52528.46840669   104694.54034546   169261.63468496   245970.00519009   333126.07008192   431161.34614288   538821.58912394   656552.06908705   783397.64961521   919748.45600984  1064848.63836702  1219031.98065919
    14894.49727580    54921.69511943   109464.40182222   176973.76804857   257177.06622541   348304.00570267   450805.14434961   563369.25725092   686461.53074819   819083.35620641   961642.39589981  1113348.35054348  1274550.05071404
    15562.49729609    57386.44336483   114376.80905365   184916.38525943   268719.05719178   363935.54018711   471035.99207163   588650.50735043   717264.77736231   855835.42320477  1004788.16373425  1163297.22100235  1331726.91854448
    16250.15996407    59923.76492095   119433.85828676   193092.87575796   280600.90349261   380027.34406140   491862.52235803   614676.12737854   748974.95284943   893669.53245142  1049204.16890919  1214716.56116160  1390586.97864737
    16957.77024509    62534.71156618   124637.64576876   201506.62898679   292827.53054059   396586.08786527   513293.36826531   641456.90529244   781605.20112901   932601.36579699  1094908.82081307  1267627.68241680  1451154.62550318
    17685.61310425    65220.33507957   129990.26774827   210161.03438767   305403.86374449   413618.44213442   535337.16284181   669003.62904802   815168.66611873   972646.60508231  1141920.52882766  1322051.89618065  1513454.25354541
    18433.97350879    67981.68724325   135493.82047375   219059.48140510   318334.82851427   431131.07739807   558002.53914241   697327.08659266   849678.49173247  1013820.93214306  1190257.70232752  1378010.51383425  1577510.25730355
    19203.13642271    70819.81982741   141150.40019441   228205.35948352   331625.35026283   449130.66420337   581298.13022116   726438.06591303   885147.82189241  1056140.02881546  1239938.75069499  1435524.84675412  1643347.03115674
    19993.38681222    73735.78462116   146962.10315973   237602.05806870   345280.35440295   467623.87308260   605232.56913575   756347.35493602   921589.80050212  1099619.57693105  1290982.08325965  1494616.20630856  1710988.96948176
    20805.00964313    76730.63340146   152931.02561925   247252.96660660   359304.76634794   486617.37457978   629814.48893915   787065.74162293   959017.57148131  1144275.25831985  1343406.10940362  1555305.90385550  1780460.46674484
    21638.28988091    79805.41794846   159059.26382414   257161.47454523   373703.51151307   506117.83923532   655052.52269035   818604.01395215   997444.27873943  1190122.75480740  1397229.23847566  1617615.25074648  1851785.91731696
    22493.51248946    82961.19004323   165348.91402191   267330.97133175   388481.51531315   526131.93758962   680955.30344576   850972.95985966  1036883.06618941  1237177.74821951  1452469.87982854  1681565.55832571  1924989.71558724
    23370.96243956    86199.00146746   171802.07247208   277764.84641479   403643.70316533   546666.34019702   707531.46426305   884183.36731157  1077347.07773965  1285455.92037661  1509146.44280448  1747178.13792799  2000096.25592480
    24270.92469215    89519.90399911   178420.83541719   288466.48924067   419195.00048650   567727.71757367   734789.63820271   918246.02426503  1118849.45730486  1334972.95310799  1567277.33674263  1814474.30088765  2077129.93269266
    25193.68421436    92924.94941620   185207.29911196   299439.28926414   435140.33269360   589322.74029127   762738.45832255   953171.71868017  1161403.34878862  1385744.52821107  1626880.97098083  1883475.35852559  2156115.14024970
    26139.52597137    96415.18951167   192163.55980821   310686.63593100   451484.62520586   611458.07888225   791386.55768204   988971.23851680  1205021.89609786  1437786.32752266  1687975.75485171  1954202.62216403  2237076.27292566
    27108.73493093    99991.67605808   199291.71375848   322211.91869969   468232.80344186   634140.40387083   820742.56934369  1025655.37172667  1249718.24314719  1491114.03285257  1750580.09771302  2026677.40311274  2320037.72507313
    28101.59605609   103655.46083906   206593.85721463   334018.52701302   485389.79282111   657376.38588097   850815.12636797  1063234.90626665  1295505.53384438  1545743.32601300  1814712.40883605  2100921.01268650  2405023.89101876
    29118.39431415   107407.59563624   214072.08642957   346109.85032147   502960.51876268   681172.69538172   881612.86181254  1101720.63012123  1342396.91210384  1601689.88881776  1880391.09756053  2176954.76218214  2492059.16508282
    30159.41467035   111249.13223190   221728.49766144   358489.27807525   520949.90668942   705536.00294900   913144.40871310  1141123.33122057  1390405.52179003  1658969.40308192  1947634.57323677  2254799.96290613  2581167.94157731
    31224.94209037   115181.12240786   229565.18714797   371160.19973189   539362.88202062   730472.97911641   945418.40022264  1181453.79754169  1439544.50685509  1717597.55060251  2016461.24517670  2334477.92614897  2672374.61482195
    32315.26154076   119204.61794690   237584.25115769   384126.00475649   558204.37017777   755990.29445398   978443.46931059  1222722.81703396  1489827.01121996  1777590.01320045  2086889.52269049  2416009.96320829  2765703.57911220
    33430.65798621   123320.67063068   245787.78593885   397390.08260962   577479.29658443   782094.61951421  1012228.24907229  1264941.17766020  1541266.17871515  1838962.47267372  2158937.81509653  2499417.38536757  2861179.22875097
    34571.41639293   127530.33224212   254177.88774547   410955.82268192   597192.58666501   808792.62482627  1046781.37257059  1308119.66738589  1593875.15330814  1901730.61084923  2232624.53170491  2584721.50391828  2958825.95800017
    35737.82172597   131834.65456219   262756.65283089   424826.61448871   617349.16582899   836090.98094961  1082111.47286923  1352269.07414105  1647667.07889022  1965910.10951262  2307968.08182773  2671943.63013851  3058668.16134186
    36930.15895244   136234.68937875   271526.17744911   439005.84746732   637953.95952501   863996.35843501  1118227.18303156  1397400.18596025  1702655.09936226  2031516.65047569  2384986.87479768  2761105.07530656  3160730.23264165
    38148.71304038   140731.48846710   280488.55785508   453496.91107581   659011.89314222   892515.42783546  1155137.13612415  1443523.79073323  1758852.35866214  2098565.91555567  2463699.31988400  2852227.15069876  3265036.56653944
    39393.76894706   145326.10361476   289645.89030166   468303.19476143   680527.89212219   921654.85970152  1192849.96520962  1490650.67644481  1816272.00063613  2167073.58651746  2544123.82641458  2945331.16759301  3371611.55726366
    40665.61164604   150019.58660364   299000.27104436   483428.08798178   702506.88193412   951421.32457874  1231374.30335370  1538791.63105319  1874927.16918002  2237055.34519576  2626278.80364672  3040438.43725619  3480479.59900501
    41964.52610036   154812.98921663   308553.79633760   498874.98019306   724953.78792719   981821.49303585  1270718.78362097  1587957.44252359  1934831.00826392  2308526.87339755  2710182.66097055  3137570.27095240  3591665.08604473
    43290.79727746   159707.36323761   318308.56243642   514647.26085049   747873.53553774  1012862.03562407  1310892.03906225  1638158.89881317  1995996.66175619  2381503.85291646  2795853.80761974  3236747.97996425  3705192.41265828
    44644.71013613   164703.76044520   328266.66559105   530748.31940959   771271.05025359  1044549.62282704  1351902.70272065  1689406.78785862  2058437.27356720  2456001.96553110  2883310.65293273  3337992.87553866  3821085.97306555
    46026.54965765   169803.23264717   338430.20207113   547181.54532386   795151.25739267  1076890.92534434  1393759.40783149  1741711.89763897  2122165.98758719  2532036.89306931  2972571.60617221  3441326.26895501  3939370.16163195
    47436.60079300   175006.83157455   348801.26809550   563950.32805845   819519.08248059  1109892.61360776  1436470.78725479  1795085.01622324  2187195.94777170  2609624.31732577  3063655.07668443  3546769.47144451  4060069.37254877

# Beta
        1.25597725        1.13695150        1.12042588        1.11720648        1.11492424        1.11427982        1.11359525        1.11354885        1.11328917        1.11339466        1.11329246        1.11343349        1.11339926
        1.00000000        1.00000000        1.00000000        1.00000000        1.00000000        1.00000000        1.00000000        1.00000000        1.00000000        1.00000000        1.00000000        1.00000000        1.00000000
        0.64994561        0.79186586        0.81519051        0.83388649        0.84068864        0.84717432        0.85031743        0.85344610        0.85521393        0.85701373        0.85812813        0.85927985        0.86003724
        0.43646183        0.60478995        0.64166882        0.67697884        0.69074274        0.70437099        0.71127309        0.71825683        0.72231350        0.72649775        0.72913405        0.73189440        0.73372911
        0.31062878        0.46278772        0.50264497        0.54585002        0.56407723        0.58265202        0.59253968        0.60263226        0.60870278        0.61498092        0.61904409        0.62329927        0.62619077
        0.23208770        0.36043104        0.39786318        0.44211897        0.46209026        0.48300114        0.49464097        0.50664286        0.51409968        0.52183664        0.52697489        0.53235490        0.53609193
        0.18007084        0.28675421        0.32002095        0.36178838        0.38164393        0.40294112        0.41524312        0.42807092        0.43626581        0.44481020        0.45061441        0.45669963        0.46100958
        0.14387888        0.23282529        0.26180196        0.29974224        0.31849564        0.33902226        0.35123529        0.36411198        0.37253016        0.38135851        0.38747138        0.39389661        0.39852369
        0.11767599        0.19248801        0.21760382        0.25148637        0.26872921        0.28791609        0.29960141        0.31204684        0.32033772        0.32908490        0.33523870        0.34172804        0.34646713
        0.09808410        0.16165846        0.18346614        0.21353378        0.22917538        0.24681270        0.25775324        0.26950899        0.27746090        0.28589859        0.29191326        0.29827806        0.30298090
        0.08304261        0.13762188        0.15664540        0.18330447        0.19740849        0.21348231        0.22359874        0.23455167        0.24205284        0.25005392        0.25581960        0.26194197        0.26651006
        0.07123725        0.11854436        0.13523544        0.15891819        0.17161305        0.18620585        0.19549711        0.20562151        0.21262555        0.22013113        0.22558852        0.23140232        0.23577573
        0.06179756        0.10316153        0.11789553        0.13900465        0.15043807        0.16367316        0.17217896        0.18149799        0.18799840        0.19499274        0.20011646        0.20559100        0.20973748
        0.05412819        0.09058312        0.10366764        0.12255802        0.13287543        0.14488754        0.15266628        0.16122805        0.16724117        0.17373423        0.17852044        0.18364804        0.18755418
        0.04781059        0.08016949        0.09185577        0.10883219        0.11816749        0.12908814        0.13620449        0.14406789        0.14962202        0.15563804        0.16009587        0.16488308        0.16854773
        0.04254341        0.07145241        0.08194598        0.09726709        0.10573953        0.11569043        0.12220870        0.12943533        0.13456412        0.14013440        0.14428025        0.14874188        0.15217151
        0.03810508        0.06408316        0.07355290        0.08743722        0.09515113        0.10424174        0.11022259        0.11687241        0.12161094        0.12676945        0.13062335        0.13477857        0.13798406
        0.03432974        0.05779791        0.06638336        0.07901539        0.08606129        0.09438852        0.09988747        0.10601663        0.11039921        0.11518003        0.11876332        0.12263323        0.12562777
        0.03109115        0.05239423        0.06021138        0.07174716        0.07820323        0.08585218        0.09091922        0.09657912        0.10063813        0.10507397        0.10840798        0.11201400        0.11481176
        0.02829182        0.04771473        0.05486060        0.06543254        0.07136624        0.07841128        0.08309099        0.08832802        0.09209340        0.09621486        0.09932010        0.10268310        0.10529835
        0.02585552        0.04363559        0.05019187        0.05991270        0.06538230        0.07188832        0.07622021        0.08107596        0.08457496        0.08841024        0.09130597        0.09444575        0.09689236
        0.02372189        0.04005835        0.04609420        0.05506033        0.06011622        0.06613989        0.07015887        0.07467040        0.07792769        0.08150247        0.08420652        0.08714155        0.08943270
        0.02184266        0.03690391        0.04247825        0.05077248        0.05545837        0.06104916        0.06478609        0.06898635        0.07202411        0.07536165        0.07789038        0.08063771        0.08278570
        0.02017882        0.03410817        0.03927145        0.04696519        0.05131910        0.05652034        0.06000243        0.06392072        0.06675884        0.06988013        0.07224844        0.07482366        0.07683991
        0.01869860        0.03161872        0.03641439        0.04356950        0.04762459        0.05247428        0.05572561        0.05938795        0.06204424        0.06496816        0.06718959        0.06960692        0.07150192
        0.01737587        0.02939238        0.03385803        0.04052833        0.04431363        0.04884519        0.05188706        0.05531659        0.05780701        0.06055053        0.06263732        0.06490970        0.06669305
        0.01618902        0.02739333        0.03156164        0.03779412        0.04133512        0.04557803        0.04842934        0.05164665        0.05398548        0.05656387        0.05852708        0.06066623        0.06234672
        0.01512000        0.02559164        0.02949115        0.03532702        0.03864618        0.04262648        0.04530402        0.04832750        0.05052754        0.05295451        0.05480415        0.05682070        0.05840631
        0.01415369        0.02396214        0.02761789        0.03309340        0.03621058        0.03995138        0.04247010        0.04531614        0.04738888        0.04967679        0.05142190        0.05332549        0.05482349
        0.01327732        0.02248356        0.02591758        0.03106477        0.03399756        0.03751940        0.03989265        0.04257595        0.04453171        0.04669166        0.04834044        0.05013978        0.05155681
        0.01248004        0.02113782        0.02436958        0.02921684        0.03198089        0.03530209        0.03754180        0.04007553        0.04192360        0.04396562        0.04552546        0.04722848        0.04857056
        0.01175260        0.01990946        0.02295623        0.02752880        0.03013807        0.03327499        0.03539188        0.03778787        0.03953662        0.04146977        0.04294739        0.04456128        0.04583390
        0.01108706        0.01878521        0.02166236        0.02598276        0.02844972        0.03141704        0.03342073        0.03568964        0.03734663        0.03917911        0.04058058        0.04211187        0.04332004
        0.01047658        0.01775361        0.02047487        0.02456324        0.02689909        0.02971000        0.03160915        0.03376060        0.03533267        0.03707190        0.03840276        0.03985739        0.04100566
        0.00991524        0.01680477        0.01938242        0.02325682        0.02547163        0.02813800        0.02994043        0.03198313        0.03347648        0.03512919        0.03639447        0.03777785        0.03887041
        0.00939791        0.01593005        0.01837513        0.02205182        0.02415466        0.02668721        0.02840001        0.03034182        0.03176208        0.03333441        0.03453869        0.03585576        0.03689640
        0.00892008        0.01512193        0.01744436        0.02093801        0.02293708        0.02534552        0.02697510        0.02882319        0.03017546        0.03167299        0.03282046        0.03407572        0.03506793
        0.00847784        0.01437381        0.01658257        0.01990643        0.02180916        0.02410228        0.02565447        0.02741534        0.02870431        0.03013212        0.03122659        0.03242418        0.03337115
        0.00806772        0.01367990        0.01578311        0.01894918        0.02076231        0.02294811        0.02442823        0.02610781        0.02733772        0.02870047        0.02974544        0.03088912        0.03179379
        0.00768670        0.01303506        0.01504010        0.01805931        0.01978897        0.02187474        0.02328761        0.02489131        0.02606606        0.02736801        0.02836669        0.02945993        0.03032499
        0.00733208        0.01243480        0.01434835        0.01723063        0.01888241        0.02087479        0.02222485        0.02375763        0.02488078        0.02612583        0.02708115        0.02812714        0.02895506
        0.00700146        0.01187508        0.01370325        0.01645767        0.01803668        0.01994175        0.02123303        0.02269943        0.02377426        0.02496598        0.02588065        0.02688232        0.02767538
        0.00669274        0.01135233        0.01310070        0.01573555        0.01724645        0.01906977        0.02030600        0.02171018        0.02273969        0.02388138        0.02475789        0.02571794        0.02647824
        0.00640402        0.01086337        0.01253704        0.01505990        0.01650698        0.01825367        0.01943825        0.02078404        0.02177099        0.02286569        0.02370633        0.02462724        0.02535672
        0.00613360        0.01040535        0.01200899        0.01442683        0.01581403        0.01748877        0.01862484        0.01991576        0.02086270        0.02191320        0.02272009        0.02360417        0.02430463
        0.00587997        0.00997571        0.01151362        0.01383283        0.01516376        0.01677088        0.01786133        0.01910064        0.02000992        0.02101881        0.02179391        0.02264327        0.02331638
        0.00564177        0.00957215        0.01104828        0.01327475        0.01455276        0.01609624        0.01714374        0.01833443        0.01920823        0.02017790        0.02092302        0.02173964        0.02238693
        0.00541776        0.00919260        0.01061060        0.01274976        0.01397792        0.01546144        0.01646846        0.01761332        0.01845364        0.01938630        0.02010311        0.02088882        0.02151172
        0.00520685        0.00883519        0.01019841        0.01225530        0.01343645        0.01486342        0.01583224        0.01693383        0.01774254        0.01864024        0.01933032        0.02008680        0.02068664
        0.00500803        0.00849824        0.00980979        0.01178904        0.01292582        0.01429939        0.01523212        0.01629283        0.01707167        0.01793631        0.01860109        0.01932993        0.01990795
        0.00482039        0.00818020        0.00944297        0.01134888        0.01244373        0.01376682        0.01466543        0.01568747        0.01643804        0.01727140        0.01791223        0.01861489        0.01917224
        0.00464311        0.00787970        0.00909635        0.01093290        0.01198810        0.01326343        0.01412974        0.01511517        0.01583897        0.01664270        0.01726083        0.01793868        0.01847642
        0.00447544        0.00759546        0.00876847        0.01053938        0.01155702        0.01278712        0.01362283        0.01457356        0.01527198        0.01604761        0.01664422        0.01729853        0.01781767
        0.00431669        0.00732634        0.00845800        0.01016672        0.01114877        0.01233598        0.01314268        0.01406050        0.01473484        0.01548380        0.01605998        0.01669194        0.01719342
        0.00416625        0.00707127        0.00816374        0.00981347        0.01076176        0.01190828        0.01268743        0.01357401        0.01422549        0.01494912        0.01550589        0.01611661        0.01660129
        0.00402355        0.00682930        0.00788457        0.00947831        0.01039454        0.01150242        0.01225541        0.01311230        0.01374204        0.01444160        0.01497991        0.01557043        0.01603914
        0.00388805        0.00659954        0.00761948        0.00916003        0.01004579        0.01111694        0.01184505        0.01267372        0.01328278        0.01395944        0.01448018        0.01505147        0.01550498
        0.00375930        0.00638119        0.00736754        0.00885751        0.00971429        0.01075049        0.01145494        0.01225674        0.01284613        0.01350097        0.01400498        0.01455797        0.01499699
        0.00363683        0.00617350        0.00712790        0.00856973        0.00939893        0.01040186        0.01108376        0.01185997        0.01243061        0.01306467        0.01355275        0.01408828        0.01451348
        0.00352026        0.00597579        0.00689976        0.00829574        0.00909866        0.01006990        0.01073032        0.01148214        0.01203490        0.01264915        0.01312202        0.01364090        0.01405292
        0.00340921        0.00578743        0.00668240        0.00803469        0.00881256        0.00975356        0.01039350        0.01112205        0.01165776        0.01225310        0.01271145        0.01321444        0.01361389
        0.00330333        0.00560784        0.00647515        0.00778576        0.00853973        0.00945189        0.01007227        0.01077862        0.01129804        0.01187533        0.01231982        0.01280763        0.01319506
        0.00320232        0.00543649        0.00627739        0.00754822        0.00827937        0.00916399        0.00976570        0.01045082        0.01095470        0.01151473        0.01194598        0.01241927        0.01279521
        0.00310587        0.00527287        0.00608856        0.00732138        0.00803073        0.00888904        0.00947289        0.01013774        0.01062674        0.01117028        0.01158886        0.01204828        0.01241322
        0.00301371        0.00511653        0.00590813        0.00710461        0.00779312        0.00862626        0.00919305        0.00983850        0.01031328        0.01084103        0.01124749        0.01169363        0.01204805
        0.00292560        0.00496704        0.00573560        0.00689733        0.00756590        0.00837497        0.00892541        0.00955231        0.01001346        0.01052610        0.01092095        0.01135437        0.01169872
        0.00284130        0.00482401        0.00557052        0.00669899        0.00734847        0.00813448        0.00866929        0.00927840        0.00972651        0.01022468        0.01060841        0.01102964        0.01136433
        0.00276059        0.00468708        0.00541246        0.00650908        0.00714027        0.00790420        0.00842402        0.00901610        0.00945170        0.00993600        0.01030907        0.01071862        0.01104404
        0.00268327        0.00455589        0.00526104        0.00632713        0.00694080        0.00768356        0.00818901        0.00876475        0.00918836        0.00965935        0.01002220        0.01042054        0.01073708
        0.00260916        0.00443013        0.00511588        0.00615270        0.00674956        0.00747202        0.00796369        0.00852375        0.00893587        0.00939409        0.00974712        0.01013470        0.01044271
        0.00253808        0.00430952        0.00497665        0.00598539        0.00656612        0.00726909        0.00774753        0.00829255        0.00869362        0.00913958        0.00948319        0.00986045        0.01016026
        0.00246986        0.00419376        0.00484303        0.00582481        0.00639005        0.00707431        0.00754005        0.00807063        0.00846109        0.00889527        0.00922982        0.00959715        0.00988910
        0.00240436        0.00408261        0.00471472        0.00567060        0.00622097        0.00688726        0.00734078        0.00785748        0.00823774        0.00866061        0.00898646        0.00934425        0.00962863
        0.00234143        0.00397581        0.00459144        0.00552244        0.00605851        0.00670752        0.00714931        0.00765266        0.00802312        0.00843510        0.00875258        0.00910119        0.00937829
        0.00228094        0.00387316        0.00447293        0.00538000        0.00590233        0.00653472        0.00696523        0.00745573        0.00781677        0.00821828        0.00852770        0.00886748        0.00913758
        0.00222277        0.00377443        0.00435896        0.00524301        0.00575211        0.00636851        0.00678816        0.00726631        0.00761827        0.00800970        0.00831137        0.00864265        0.00890600
        0.00216679        0.00367943        0.00424928        0.00511118        0.00560755        0.00620856        0.00661775        0.00708401        0.00742722        0.00780895        0.00810316        0.00842624        0.00868310
        0.00211290        0.00358797        0.00414370        0.00498426        0.00546837        0.00605456        0.00645367        0.00690847        0.00724327        0.00761564        0.00790266        0.00821786        0.00846845
        0.00206100        0.00349988        0.00404200        0.00486201        0.00533430        0.00590622        0.00629562        0.00673938        0.00706606        0.00742942        0.00770950        0.00801709        0.00826164
        0.00201099        0.00341499        0.00394400        0.00474420        0.00520511        0.00576325        0.00614330        0.00657641        0.00689527        0.00724994        0.00752333        0.00782358        0.00806231
        0.00196278        0.00333316        0.00384952        0.00463062        0.00508055        0.00562542        0.00599644        0.00641928        0.00673059        0.00707687        0.00734381        0.00763699        0.00787010
        0.00191628        0.00325424        0.00375839        0.00452108        0.00496041        0.00549246        0.00585478        0.00626771        0.00657173        0.00690992        0.00717063        0.00745698        0.00768467
        0.00187142        0.00317808        0.00367047        0.00441537        0.00484448        0.00536417        0.00571808        0.00612144        0.00641843        0.00674881        0.00700351        0.00728326        0.00750571
        0.00182811        0.00310457        0.00358559        0.00431332        0.00473256        0.00524031        0.00558611        0.00598022        0.00627042        0.00659326        0.00684215        0.00711552        0.00733292
        0.00178629        0.00303358        0.00350362        0.00421478        0.00462448        0.00512070        0.00545865        0.00584384        0.00612748        0.00644302        0.00668629        0.00695351        0.00716601
        0.00174589        0.00296499        0.00342444        0.00411957        0.00452005        0.00500513        0.00533550        0.00571206        0.00598936        0.00629785        0.00653570        0.00679696        0.00700474
        0.00170684        0.00289871        0.00334790        0.00402755        0.00441913        0.00489342        0.00521647        0.00558469        0.00585585        0.00615753        0.00639013        0.00664564        0.00684884
        0.00166909        0.00283463        0.00327391        0.00393858        0.00432154        0.00478542        0.00510138        0.00546153        0.00572676        0.00602184        0.00624937        0.00649930        0.00669808
        0.00163258        0.00277264        0.00320234        0.00385253        0.00422716        0.00468095        0.00499005        0.00534240        0.00560188        0.00589059        0.00611320        0.00635774        0.00655224
        0.00159726        0.00271267        0.00313309        0.00376926        0.00413583        0.00457986        0.00488233        0.00522712        0.00548105        0.00576357        0.00598143        0.00622075        0.00641110
        0.00156307        0.00265463        0.00306607        0.00368867        0.00404742        0.00448201        0.00477805        0.00511552        0.00536407        0.00564062        0.00585387        0.00608814        0.00627448
        0.00152996        0.00259843        0.00300117        0.00361063        0.00396183        0.00438727        0.00467708        0.00500747        0.00525080        0.00552155        0.00573034        0.00595972        0.00614216
        0.00149790        0.00254399        0.00293831        0.00353504        0.00387891        0.00429549        0.00457927        0.00490279        0.00514108        0.00540622        0.00561068        0.00583531        0.00601399
        0.00146683        0.00249125        0.00287741        0.00346180        0.00379858        0.00420656        0.00448450        0.00480137        0.00503476        0.00529445        0.00549473        0.00571476        0.00588978
        0.00143672        0.00244013        0.00281838        0.00339082        0.00372071        0.00412037        0.00439264        0.00470306        0.00493170        0.00518612        0.00538233        0.00559789        0.00576937
        0.00140753        0.00239056        0.00276115        0.00332199        0.00364521        0.00403679        0.00430358        0.00460773        0.00483177        0.00508107        0.00527334        0.00548458        0.00565262
        0.00137922        0.00234250        0.00270564        0.00325524        0.00357199        0.00395574        0.00421719        0.00451527        0.00473485        0.00497918        0.00516762        0.00537466        0.00553937
        0.00135176        0.00229587        0.00265180        0.00319048        0.00350095        0.00387710        0.00413338        0.00442557        0.00464081        0.00488032        0.00506505        0.00526802        0.00542948

# Gamma
        1.40124644        1.10031661        1.07577639        1.06081440        1.05260454        1.04727224        1.04364993        1.04090051        1.03891298        1.03724273        1.03599827        1.03487952        1.03403074
        1.00000000        1.00000000        1.00000000        1.00000000        1.00000000        1.00000000        1.00000000        1.00000000        1.00000000        1.00000000        1.00000000        1.00000000        1.00000000
        0.62238235        0.77265408        0.82275301        0.84660838        0.86250145        0.87221026        0.87980189        0.88511514        0.88956058        0.89293013        0.89586137        0.89819995        0.90028675
        0.41149061        0.56384829        0.64200085        0.68125752        0.70962433        0.72732022        0.74169607        0.75183098        0.76055385        0.76716902        0.77306581        0.77775624        0.78203568
        0.29076841        0.41275368        0.49583833        0.53966910        0.57394355        0.59588615        0.61438166        0.62758306        0.63922427        0.64810207        0.65616603        0.66259332        0.66855103
        0.21638887        0.30976567        0.38696971        0.42888393        0.46399962        0.48699707        0.50707514        0.52159031        0.53468505        0.54474185        0.55403222        0.56146528        0.56844924
        0.16747479        0.23923226        0.30743172        0.34490312        0.37811997        0.40024034        0.42017434        0.43474323        0.44816792        0.45854749        0.46828750        0.47611238        0.48355616
        0.13359042        0.18970668        0.24891422        0.28149868        0.31171484        0.33205831        0.35090011        0.36478525        0.37782699        0.38796675        0.39761986        0.40540345        0.41289325
        0.10913071        0.15390967        0.20513595        0.23321771        0.26020855        0.27849817        0.29583429        0.30868372        0.32095777        0.33054085        0.33978351        0.34725804        0.35452627
        0.09088087        0.12731060        0.17174674        0.19594645        0.21988273        0.23615610        0.25188265        0.26358226        0.27492259        0.28380255        0.29246684        0.29948861        0.30638170
        0.07689182        0.10705031        0.14579415        0.16673394        0.18793157        0.20236044        0.21653187        0.22709708        0.23746753        0.24560311        0.25362248        0.26013079        0.26657436
        0.06592580        0.09127926        0.12526491        0.14349106        0.16229467        0.17509244        0.18783336        0.19734166        0.20677610        0.21418495        0.22155352        0.22753851        0.23350896
        0.05716563        0.07876804        0.10876630        0.12473436        0.14146845        0.15284713        0.16430529        0.17285825        0.18142393        0.18815329        0.19489851        0.20037909        0.20588311
        0.05005382        0.06867758        0.09531758        0.10939959        0.12435148        0.13450415        0.14482707        0.15253041        0.16030712        0.16641645        0.17258211        0.17759174        0.18265273
        0.04419919        0.06042101        0.08421536        0.09671304        0.11012989        0.11922531        0.12854983        0.13550378        0.14257265        0.14812403        0.15376015        0.15833834        0.16298778
        0.03932053        0.05357857        0.07494604        0.08610409        0.09819566        0.10637839        0.11482681        0.12112216        0.12756005        0.13261319        0.13777040        0.14195775        0.14623007
        0.03521138        0.04784393        0.06712830        0.07714589        0.08808920        0.09548188        0.10316138        0.10887837        0.11475546        0.11936535        0.12409192        0.12792748        0.13185704
        0.03171734        0.04298942        0.06047456        0.06951471        0.07945902        0.08616530        0.09316887        0.09837743        0.10375645        0.10797254        0.11231296        0.11583297        0.11945247
        0.02872099        0.03884302        0.05476487        0.06296182        0.07203314        0.07814062        0.08454850        0.08930921        0.09424559        0.09811171        0.10210624        0.10534356        0.10868329
        0.02613176        0.03527286        0.04982873        0.05729380        0.06559883        0.07118167        0.07706302        0.08142817        0.08597053        0.08952527        0.09320984        0.09619394        0.09928143
        0.02387883        0.03217643        0.04553242        0.05235851        0.05998794        0.06510912        0.07052355        0.07453824        0.07872914        0.08200627        0.08541282        0.08816987        0.09102991
        0.02190621        0.02947311        0.04176988        0.04803504        0.05506627        0.05977946        0.06477845        0.06848163        0.07235825        0.07538732        0.07854408        0.08109725        0.08375203
        0.02016910        0.02709878        0.03845613        0.04422637        0.05072574        0.05507687        0.05970496        0.06313035        0.06672519        0.06953203        0.07246392        0.07483367        0.07730296
        0.01863134        0.02500190        0.03552245        0.04085391        0.04687856        0.05090710        0.05520296        0.05837978        0.06172130        0.06432852        0.06705753        0.06926191        0.07156330
        0.01726348        0.02314068        0.03291281        0.03785352        0.04345283        0.04719286        0.05119016        0.05414385        0.05725699        0.05968440        0.06222995        0.06428491        0.06643403
        0.01604131        0.02148093        0.03058111        0.03517239        0.04038927        0.04387032        0.04759847        0.05035122        0.05325791        0.05552292        0.05790219        0.05982181        0.06183256
        0.01494480        0.01999448        0.02848920        0.03276676        0.03763863        0.04088640        0.04437117        0.04694242        0.04966199        0.05177991        0.05400810        0.05580486        0.05768961
        0.01395727        0.01865791        0.02660524        0.03060012        0.03515974        0.03819669        0.04146074        0.04386757        0.04641707        0.04840144        0.05049205        0.05217700        0.05394679
        0.01306470        0.01745164        0.02490251        0.02864180        0.03291796        0.03576381        0.03882714        0.04108458        0.04347914        0.04534193        0.04730695        0.04888992        0.05055458
        0.01225527        0.01635922        0.02335846        0.02686592        0.03088402        0.03355611        0.03643642        0.03855778        0.04081082        0.04256264        0.04441278        0.04590251        0.04747086
        0.01151894        0.01536669        0.02195395        0.02525047        0.02903299        0.03154667        0.03425967        0.03625674        0.03838022        0.04003053        0.04177533        0.04317964        0.04465955
        0.01084716        0.01446220        0.02067263        0.02377667        0.02734359        0.02971245        0.03227214        0.03415541        0.03616000        0.03771724        0.03936526        0.04069113        0.04208970
        0.01023259        0.01363559        0.01950048        0.02242843        0.02579754        0.02803368        0.03045255        0.03223138        0.03412665        0.03559835        0.03715727        0.03841098        0.03973456
        0.00966889        0.01287815        0.01842543        0.02119186        0.02437907        0.02649329        0.02878253        0.03046529        0.03225982        0.03365275        0.03512947        0.03631665        0.03757098
        0.00915060        0.01218235        0.01743703        0.02005495        0.02307451        0.02507647        0.02724614        0.02884035        0.03054185        0.03186209        0.03326284        0.03438856        0.03557883
        0.00867295        0.01154164        0.01652620        0.01900726        0.02187199        0.02377036        0.02582951        0.02734192        0.02895737        0.03021040        0.03154080        0.03260964        0.03374055
        0.00823181        0.01095036        0.01568502        0.01803968        0.02076113        0.02256373        0.02452052        0.02595723        0.02749291        0.02868369        0.02994883        0.03096495        0.03204074
        0.00782353        0.01040352        0.01490655        0.01714424        0.01973284        0.02144672        0.02330854        0.02467506        0.02613668        0.02726968        0.02847420        0.02944134        0.03046589
        0.00744493        0.00989677        0.01418471        0.01631394        0.01877915        0.02041067        0.02218422        0.02348554        0.02487828        0.02595758        0.02710567        0.02802725        0.02900408
        0.00709320        0.00942627        0.01351413        0.01554260        0.01789299        0.01944795        0.02113932        0.02237997        0.02370854        0.02473784        0.02583332        0.02671246        0.02764478
        0.00676584        0.00898864        0.01289006        0.01482476        0.01706815        0.01855179        0.02016653        0.02135064        0.02261933        0.02360199        0.02464837        0.02548790        0.02637864
        0.00646067        0.00858088        0.01230830        0.01415559        0.01629909        0.01771619        0.01925937        0.02039069        0.02160344        0.02254255        0.02354301        0.02434552        0.02519738
        0.00617570        0.00820032        0.01176509        0.01353077        0.01558089        0.01693583        0.01841207        0.01949404        0.02065444        0.02155280        0.02251028        0.02327815        0.02409357
        0.00590921        0.00784459        0.01125711        0.01294648        0.01490916        0.01620593        0.01761947        0.01865525        0.01976658        0.02062678        0.02154396        0.02227936        0.02306062
        0.00565961        0.00751157        0.01078137        0.01239927        0.01427997        0.01552224        0.01687697        0.01786943        0.01893474        0.01975913        0.02063849        0.02134343        0.02209260
        0.00542552        0.00719937        0.01033519        0.01188607        0.01368981        0.01488093        0.01618044        0.01713224        0.01815429        0.01894506        0.01978887        0.02046518        0.02118418
        0.00520567        0.00690628        0.00991617        0.01140411        0.01313551        0.01427858        0.01552615        0.01643973        0.01742110        0.01818025        0.01899060        0.01963999        0.02033059
        0.00499893        0.00663077        0.00952216        0.01095091        0.01261422        0.01371208        0.01491076        0.01578837        0.01673142        0.01746081        0.01823964        0.01886366        0.01952750
        0.00480428        0.00637146        0.00915119        0.01052423        0.01212338        0.01317865        0.01433125        0.01517496        0.01608189        0.01678322        0.01753232        0.01813243        0.01877102
        0.00462079        0.00612710        0.00880151        0.01012203        0.01166065        0.01267577        0.01378488        0.01459662        0.01546944        0.01614430        0.01686533        0.01744286        0.01805760
        0.00444762        0.00589655        0.00847151        0.00974247        0.01122393        0.01220114        0.01326917        0.01405071        0.01489131        0.01554116        0.01623566        0.01679187        0.01738406
        0.00428401        0.00567881        0.00815974        0.00938389        0.01081131        0.01175269        0.01278187        0.01353487        0.01434499        0.01497118        0.01564058        0.01617661        0.01674747
        0.00412928        0.00547293        0.00786489        0.00904476        0.01042103        0.01132853        0.01232093        0.01304692        0.01382818        0.01443199        0.01507761        0.01559454        0.01614518
        0.00398278        0.00527807        0.00758575        0.00872371        0.01005153        0.01092693        0.01188448        0.01258488        0.01333880        0.01392139        0.01454448        0.01504331        0.01557478
        0.00384395        0.00509344        0.00732122        0.00841946        0.00970134        0.01054631        0.01147082        0.01214697        0.01287493        0.01343741        0.01403912        0.01452077        0.01503406
        0.00371226        0.00491836        0.00707030        0.00813087        0.00936915        0.01018526        0.01107840        0.01173151        0.01243485        0.01297823        0.01355963        0.01402498        0.01452099
        0.00358723        0.00475217        0.00683208        0.00785688        0.00905374        0.00984243        0.01070577        0.01133702        0.01201694        0.01254218        0.01310428        0.01355413        0.01403372
        0.00346841        0.00459427        0.00660570        0.00759652        0.00875400        0.00951664        0.01035163        0.01096209        0.01161975        0.01212774        0.01267148        0.01310659        0.01357055
        0.00335541        0.00444412        0.00639040        0.00734889        0.00846891        0.00920676        0.01001478        0.01060546        0.01124193        0.01173349        0.01225976        0.01268085        0.01312993
        0.00324784        0.00430123        0.00618546        0.00711319        0.00819752        0.00891178        0.00969411        0.01026595        0.01088223        0.01135816        0.01186778        0.01227550        0.01271041
        0.00314537        0.00416513        0.00599023        0.00688866        0.00793898        0.00863075        0.00938861        0.00994249        0.01053953        0.01100055        0.01149429        0.01188927        0.01231066
        0.00304767        0.00403540        0.00580411        0.00667460        0.00769249        0.00836282        0.00909732        0.00963408        0.01021276        0.01065957        0.01113815        0.01152099        0.01192947
        0.00295446        0.00391165        0.00562653        0.00647037        0.00745730        0.00810717        0.00881938        0.00933980        0.00990095        0.01033419        0.01079831        0.01116954        0.01156570
        0.00286546        0.00379350        0.00545699        0.00627538        0.00723274        0.00786308        0.00855398        0.00905880        0.00960320        0.01002348        0.01047378        0.01083393        0.01121831
        0.00278042        0.00368064        0.00529499        0.00608907        0.00701818        0.00762985        0.00830039        0.00879029        0.00931869        0.00972657        0.01016365        0.01051321        0.01088633
        0.00269912        0.00357275        0.00514011        0.00591095        0.00681303        0.00740684        0.00805792        0.00853355        0.00904663        0.00944266        0.00986710        0.01020652        0.01056887
        0.00262134        0.00346954        0.00499194        0.00574054        0.00661675        0.00719348        0.00782592        0.00828789        0.00878632        0.00917101        0.00958334        0.00991305        0.01026509
        0.00254687        0.00337074        0.00485008        0.00557739        0.00642883        0.00698921        0.00760379        0.00805270        0.00853707        0.00891090        0.00931163        0.00963205        0.00997421
        0.00247553        0.00327611        0.00471418        0.00542110        0.00624881        0.00679351        0.00739099        0.00782737        0.00829829        0.00866170        0.00905132        0.00936284        0.00969551
        0.00240714        0.00318541        0.00458393        0.00527130        0.00607624        0.00660593        0.00718700        0.00761137        0.00806938        0.00842282        0.00880177        0.00910474        0.00942833
        0.00234156        0.00309844        0.00445900        0.00512762        0.00591073        0.00642601        0.00699134        0.00740419        0.00784982        0.00819367        0.00856240        0.00885718        0.00917204
        0.00227862        0.00301498        0.00433911        0.00498975        0.00575190        0.00625334        0.00680357        0.00720536        0.00763910        0.00797375        0.00833266        0.00861957        0.00892606
        0.00221818        0.00293485        0.00422399        0.00485736        0.00559938        0.00608755        0.00662326        0.00701443        0.00743674        0.00776257        0.00811204        0.00839139        0.00868983
        0.00216012        0.00285787        0.00411340        0.00473017        0.00545285        0.00592826        0.00645003        0.00683099        0.00724233        0.00755967        0.00790007        0.00817215        0.00846286
        0.00210431        0.00278389        0.00400710        0.00460792        0.00531200        0.00577514        0.00628350        0.00665465        0.00705544        0.00736462        0.00769629        0.00796139        0.00824466
        0.00205063        0.00271275        0.00390486        0.00449035        0.00517654        0.00562789        0.00612334        0.00648506        0.00687568        0.00717702        0.00750030        0.00775868        0.00803479
        0.00199899        0.00264430        0.00380649        0.00437722        0.00504620        0.00548619        0.00596923        0.00632187        0.00670272        0.00699649        0.00731170        0.00756361        0.00783283
        0.00194927        0.00257841        0.00371180        0.00426832        0.00492072        0.00534978        0.00582087        0.00616476        0.00653619        0.00682270        0.00713012        0.00737580        0.00763839
        0.00190138        0.00251496        0.00362059        0.00416343        0.00479986        0.00521840        0.00567797        0.00601343        0.00637580        0.00665529        0.00695522        0.00719490        0.00745109
        0.00185524        0.00245383        0.00353271        0.00406237        0.00468340        0.00509180        0.00554027        0.00586761        0.00622124        0.00649398        0.00678668        0.00702057        0.00727060
        0.00181076        0.00239489        0.00344799        0.00396494        0.00457114        0.00496975        0.00540752        0.00572703        0.00607223        0.00633846        0.00662419        0.00685251        0.00709659
        0.00176786        0.00233806        0.00336628        0.00387098        0.00446286        0.00485204        0.00527948        0.00559144        0.00592851        0.00618845        0.00646746        0.00669040        0.00692875
        0.00172647        0.00228323        0.00328745        0.00378031        0.00435838        0.00473846        0.00515594        0.00546062        0.00578983        0.00604371        0.00631624        0.00653398        0.00676679
        0.00168651        0.00223031        0.00321135        0.00369280        0.00425754        0.00462883        0.00503668        0.00533433        0.00565597        0.00590399        0.00617025        0.00638298        0.00661044
        0.00164792        0.00217920        0.00313787        0.00360830        0.00416015        0.00452295        0.00492152        0.00521237        0.00552669        0.00576906        0.00602927        0.00623715        0.00645945
        0.00161065        0.00212984        0.00306688        0.00352666        0.00406607        0.00442067        0.00481026        0.00509455        0.00540179        0.00563870        0.00589306        0.00609626        0.00631357
        0.00157463        0.00208213        0.00299827        0.00344776        0.00397514        0.00432182        0.00470273        0.00498067        0.00528108        0.00551271        0.00576141        0.00596010        0.00617258
        0.00153980        0.00203601        0.00293194        0.00337148        0.00388723        0.00422626        0.00459877        0.00487058        0.00516437        0.00539090        0.00563413        0.00582844        0.00603625
        0.00150611        0.00199141        0.00286779        0.00329771        0.00380221        0.00413382        0.00449821        0.00476409        0.00505149        0.00527308        0.00551102        0.00570110        0.00590440
        0.00147352        0.00194826        0.00280572        0.00322633        0.00371994        0.00404439        0.00440092        0.00466106        0.00494227        0.00515908        0.00539190        0.00557788        0.00577681
        0.00144198        0.00190650        0.00274565        0.00315725        0.00364032        0.00395783        0.00430676        0.00456134        0.00483655        0.00504874        0.00527660        0.00545862        0.00565332
        0.00141143        0.00186606        0.00268748        0.00309036        0.00356323        0.00387401        0.00421558        0.00446478        0.00473419        0.00494189        0.00516496        0.00534314        0.00553374
        0.00138185        0.00182690        0.00263115        0.00302558        0.00348856        0.00379284        0.00412727        0.00437126        0.00463505        0.00483841        0.00505683        0.00523128        0.00541791
        0.00135319        0.00178896        0.00257656        0.00296281        0.00341621        0.00371419        0.00404171        0.00428064        0.00453899        0.00473814        0.00495205        0.00512290        0.00530569
        0.00132541        0.00175219        0.00252366        0.00290197        0.00334609        0.00363796        0.00395877        0.00419282        0.00444588        0.00464096        0.00485050        0.00501786        0.00519691
        0.00129848        0.00171655        0.00247238        0.00284300        0.00327811        0.00356405        0.00387837        0.00410766        0.00435561        0.00454673        0.00475204        0.00491601        0.00509145
        0.00127236        0.00168198        0.00242264        0.00278580        0.00321218        0.00349237        0.00380039        0.00402508        0.00426806        0.00445535        0.00465654        0.00481723        0.00498916
        0.00124702        0.00164844        0.00237438        0.00273031        0.00314822        0.00342284        0.00372474        0.00394496        0.00418312        0.00436669        0.00456390        0.00472140        0.00488992

# Delta
        0.00128865        0.08134837        0.19154976        0.35369444        0.57322966        0.85496104        1.20306104        1.62123001        2.11284814        2.68105261        3.32827679        4.05722989        4.86955699
